0,516
68,3
68,2
68,1
68,0
67,4
67,3
67,2
67,1
67,0
0,515
0,514
66,4
66,3
66,2
66,1
66,0
54,36
0,513
0,512
65,3
65,2
65,1
65,0
64,4
64,3
64,2
64,1
64,0
63,4
63,3
63,2
63,1
63,0
62,3
62,2
62,1
62,0
61,3
61,2
61,1
61,0
60,4
60,3
60,2
60,1
60,0
0,511
59,4
59,3
59,2
59,1
59,0
58,3
58,2
58,1
58,0
50,0
0,510
0,509
0,508
0,472
57,3
57,2
57,1
57,0
50,2
56,4
56,3
56,2
56,1
56,0
55,4
55,3
55,2
55,1
55,0
54,35
3,1
3,3
10,287
10,196
10,244
10,208
10,165
10,211
10,263
10,125
11,21
11,6
11,14
11,19
11,29
11,27
11,25
9,7
9,3
8,6
8,14
8,13
8,7
8,15
8,1
8,17
8,2
8,3
12,2
12,1
12,3
20,2
20,1
20,3
19,2
19,1
